/***************
 * OPL 12.5 Data
 * Author: ChankyaComputer
 * Creation Date: Nov 26, 2018 at 10:14:42 AM
 ***************/
location_all= {"A1","A2","A3","A4","A5","M1","M2","M3","M4","M5","L1","L2","L3","L4","L5","K1","K2","K3","K4","K5","P1","P2","P3","P4","P5","F1","F2","F3","F4","F5"};
location_DisCol= {"A1","A2","A3","A4","A5"};
location_man= {"M1","M2","M3","M4","M5"};
location_Waste_gen = {"C1","C2","C3","C4","C5"};
location_Recycle = {"F1","F2","F3","F4","F5"};
location_Reprocess = {"L1","L2","L3","L4","L5"};
location_disp = {"P1","P2","P3","P4","P5"};
location_2ndCust = {"K1","K2","K3","K4","K5"};
scenario= {"S1","S2","S3","S4","S5","S6","S7","S8","S9"};
location_alpf= {"A1","A2","A3","A4","A5","F1","F2","F3","F4","F5","L1","L2","L3","L4","L5","P1","P2","P3","P4","P5"};
pri_second_cust=
[
[
117226,115449,104975,129242,109041,152901,159359,111492,134051
],
[
120422,107144,127772,155318,136198,129631,106043,102334,134162
],
[
101357,114316,131562,157570,139439,120631,129136,116220,136916
],
[
139177,155862,154828,137811,159059,106494,119989,127537,125272
],
[
118185,123395,144217,157526,125654,132716, 126790,127219,109472
]
];
pri_manufac=
[
[
117226,115449,104975,129242,109041,152901,159359,111492,134051
],
[
120422,107144,127772,155318,136198,129631,106043,102334,134162
],
[
101357,114316,131562,157570,139439,120631,129136,116220,136916
],
[
139177,155862,154828,137811,159059,106494,119989,127537,125272
],
[
118185,123395,144217,157526,125654,132716, 126790,127219,109472
]
];

loc_all_cap=
[
[
117226,115449,104975,129242,109041,152901,159359,111492,134051
],
[
120422,107144,127772,155318,136198,129631,106043,102334,134162
],
[
101357,114316,131562,157570,139439,120631,129136,116220,136916
],
[
139177,155862,154828,137811,159059,106494,119989,127537,125272
],
[
118185,123395,144217,157526,125654,132716, 126790,127219,109472
],
[
117226,115449,104975,129242,109041,152901,159359,111492,134051
],
[
120422,107144,127772,155318,136198,129631,106043,102334,134162
],
[
101357,114316,131562,157570,139439,120631,129136,116220,136916
],
[
139177,155862,154828,137811,159059,106494,119989,127537,125272
],
[
118185,123395,144217,157526,125654,132716, 126790,127219,109472
],
[
117226,115449,104975,129242,109041,152901,159359,111492,134051
],
[
120422,107144,127772,155318,136198,129631,106043,102334,134162
],
[
101357,114316,131562,157570,139439,120631,129136,116220,136916
],
[
139177,155862,154828,137811,159059,106494,119989,127537,125272
],
[
118185,123395,144217,157526,125654,132716, 126790,127219,109472
],
[
117226,115449,104975,129242,109041,152901,159359,111492,134051
],
[
120422,107144,127772,155318,136198,129631,106043,102334,134162
],
[
101357,114316,131562,157570,139439,120631,129136,116220,136916
],
[
139177,155862,154828,137811,159059,106494,119989,127537,125272
],
[
118185,123395,144217,157526,125654,132716, 126790,127219,109472
]
];

re_manu_cost=
[
[
302,259,897,910,473,187,325,253,203
],
[
339,410,933,564,647,846,560,261,571
],
[
904,858,821,971,876,987,272,543,676
],
[
461,567,637,961,979,362,422,161,511
],
[
343,767,509,855,735,849,759,896,781
]
];

pur_cost=
[
[
3533,2426,3521,4028,4594,7765,5362,629,4541
],
[
1906,2322,6179,7433,108,6822,6147,7953,157
],
[
4209,7109,1911,5435,857,6901,6619,4400,458],
[
4967,3845,4514,2808,3091,2905,7708,4722,4493
],
[
4560,125,6733,4424,5493,4892,5358,3622,362
]
];

col_dis_cost=
[
[
3533,2426,3521,4028,4594,7765,5362,629,4541
],
[
1906,2322,6179,7433,108,6822,6147,7953,157
],
[
4209,7109,1911,5435,857,6901,6619,4400,458],
[
4967,3845,4514,2808,3091,2905,7708,4722,4493
],
[
4560,125,6733,4424,5493,4892,5358,3622,362
]
];
man_short_cost=
[
[
3533,2426,3521,4028,4594,7765,5362,629,4541
],
[
1906,2322,6179,7433,108,6822,6147,7953,157
],
[
4209,7109,1911,5435,857,6901,6619,4400,458],
[
4967,3845,4514,2808,3091,2905,7708,4722,4493
],
[
4560,125,6733,4424,5493,4892,5358,3622,362
]
];
second_cus_short_cost=
[
[
3533,2426,3521,4028,4594,7765,5362,629,4541
],
[
1906,2322,6179,7433,108,6822,6147,7953,157
],
[
4209,7109,1911,5435,857,6901,6619,4400,458],
[
4967,3845,4514,2808,3091,2905,7708,4722,4493
],
[
4560,125,6733,4424,5493,4892,5358,3622,362
]
];
cust_inv_cost=
[
[
3533,2426,3521,4028,4594,7765,5362,629,4541
],
[
1906,2322,6179,7433,108,6822,6147,7953,157
],
[
4209,7109,1911,5435,857,6901,6619,4400,458],
[
4967,3845,4514,2808,3091,2905,7708,4722,4493
],
[
4560,125,6733,4424,5493,4892,5358,3622,362
]
];
man_inv_cost=
[
[
3533,2426,3521,4028,4594,7765,5362,629,4541
],
[
1906,2322,6179,7433,108,6822,6147,7953,157
],
[
4209,7109,1911,5435,857,6901,6619,4400,458],
[
4967,3845,4514,2808,3091,2905,7708,4722,4493
],
[
4560,125,6733,4424,5493,4892,5358,3622,362
]
];
demand_2nd_cust=
[
[
3533,2426,3521,4028,4594,7765,5362,629,4541
],
[
1906,2322,6179,7433,108,6822,6147,7953,157
],
[
4209,7109,1911,5435,857,6901,6619,4400,458],
[
4967,3845,4514,2808,3091,2905,7708,4722,4493
],
[
4560,125,6733,4424,5493,4892,5358,3622,362
]
];
demand_manfacture=
[
[
3533,2426,3521,4028,4594,7765,5362,629,4541
],
[
1906,2322,6179,7433,108,6822,6147,7953,157
],
[
4209,7109,1911,5435,857,6901,6619,4400,458],
[
4967,3845,4514,2808,3091,2905,7708,4722,4493
],
[
4560,125,6733,4424,5493,4892,5358,3622,362
]
];


reprocess_cost = 
[
[
3533,2426,3521,4028,4594,7765,5362,629,4541
],
[
1906,2322,6179,7433,108,6822,6147,7953,157
],
[
4209,7109,1911,5435,857,6901,6619,4400,458],
[
4967,3845,4514,2808,3091,2905,7708,4722,4493
],
[
4560,125,6733,4424,5493,4892,5358,3622,362
]
];
recycling_cost = 
[
[
3533,2426,3521,4028,4594,7765,5362,629,4541
],
[
1906,2322,6179,7433,108,6822,6147,7953,157
],
[
4209,7109,1911,5435,857,6901,6619,4400,458],
[
4967,3845,4514,2808,3091,2905,7708,4722,4493
],
[
4560,125,6733,4424,5493,4892,5358,3622,362
]
];
disposal_cost=
[
[
3533,2426,3521,4028,4594,7765,5362,629,4541
],
[
1906,2322,6179,7433,108,6822,6147,7953,157
],
[
4209,7109,1911,5435,857,6901,6619,4400,458],
[
4967,3845,4514,2808,3091,2905,7708,4722,4493
],
[
4560,125,6733,4424,5493,4892,5358,3622,362
]
];

facility_cost =
[
100000,100000,100000,100000,100000,
100000,100000,100000,100000,100000,
100000,100000,100000,100000,100000,
100000,100000,100000,100000,100000
];

loc_binary=
[
1,0,1,1,1,
0,0,1,1,0,
1,1,1,0,0,
0,1,0,1,1
];
prob=[0.05, 0.15, 0.05, 0.12, 0.36, 0.12, 0.03, 0.09, 0.03];
